d  = 4
A  = 0.2479/2
Ku = 4*d/(pi*A)
Tu = 7.05